2024-05-27 11:50:43.036543,22.653599387326118,32.54392284690264,16.256974002739252,32.28796962857696,518
2024-05-27 11:50:43.037541,1.8148970290917554,3.9905536485891546,-3.3125972874624012,-1.645554203074636,76
2024-05-27 11:50:44.038028,80.34485397385481,88.96363803383976,78.0055196753369,79.72137786373824,526
2024-05-27 11:50:44.038771,84.02310114254227,87.90306797334723,81.26393872717114,85.13744912020485,423
2024-05-27 11:50:45.039431,34.02945748262902,38.75458073822222,30.80136243071381,32.3416865165649,123
2024-05-27 11:50:45.040697,93.1728093292083,95.70929831423534,83.64372937826658,87.9173700028156,950
2024-05-27 11:50:46.040356,55.85121300085022,64.39483089050043,55.2438010490565,59.09535106297668,749
2024-05-27 11:50:46.042551,4.204359445412564,13.900854067210105,0.044265997650800415,4.7201329503616805,26
2024-05-27 11:50:47.041850,11.318915619009651,18.33932400808914,8.297367268207081,15.188286100874775,533
2024-05-27 11:50:47.043524,52.90132828452775,53.329202644855755,43.43553873788281,47.663732992967695,472
2024-05-27 11:50:48.042991,41.328431219981354,50.538117504004276,40.74434019993946,42.44433747698988,100
2024-05-27 11:50:48.044638,86.99625789528868,91.72416663501953,84.94311048584122,85.5742206550869,892
2024-05-27 11:50:49.044351,9.93508434890975,12.712364059402187,3.533952539277408,7.206092162999238,563
2024-05-27 11:50:49.045363,23.635780597287702,32.507696554890614,21.395665730169892,22.570471598689416,993
2024-05-27 12:51:41.750788,12.980583295675363,15.966150790028824,3.3443089454026538,10.079084200709818,715
2024-05-27 12:51:41.759859,84.45210283632665,89.07207753402064,77.15072018801852,83.94518370735193,301
2024-05-27 12:51:42.752166,3.834726294522217,8.679340601735722,2.743545873071427,4.473616724730143,314
2024-05-27 12:51:42.760435,89.23324383245443,89.91206560661914,87.01494364157017,89.31498552434883,246
2024-05-27 12:51:43.753212,83.0864359314623,91.50980157213837,82.18398079166842,82.81320954943524,621
2024-05-27 12:51:43.762201,52.433426333999314,52.911502362744756,52.33561896626423,52.69032079982605,292
2024-05-27 12:51:44.754644,21.17207038950366,26.776648701833427,11.913125245568674,20.791693725196016,48
2024-05-27 12:51:44.763461,31.417981141775986,36.22321885883233,30.201242530972007,31.537801248439514,400
2024-05-27 12:51:45.756284,95.7351899955969,103.84537908158967,91.60024154224023,99.20093064602115,699
2024-05-27 12:51:45.764817,98.2687362677845,107.95395968893258,92.06852347715703,105.41012235095491,248
2024-05-27 12:51:46.757358,4.6047537672247785,13.357253183037233,-1.4894341887421163,7.564254133978942,880
2024-05-27 12:51:46.766543,35.48931864036805,40.99990730045271,26.971100763078603,28.413523414064585,84
2024-05-27 12:51:47.759072,49.01752619147635,52.46565329322351,47.65975785961954,52.01389806112293,279
2024-05-27 12:51:47.768084,57.89209473329151,60.115115382110034,48.37713052644784,58.653602326288855,97
2024-05-27 12:51:48.760284,49.75221599301819,56.97503588540141,47.5652681798759,55.67342964405217,348
2024-05-27 12:51:48.769597,93.22789170038737,94.31392269277961,89.94192171096988,91.96724418468061,332
2024-05-27 12:51:49.761375,19.817836281659062,20.630317540001766,14.137767361641218,15.59705887087888,193
2024-05-27 12:51:49.770848,0.6234124218714387,10.372508818649608,0.0535211598807428,1.650965379702658,183
2024-05-27 12:51:50.762807,54.753034073920894,57.78071232151174,50.580735307812624,57.75619157294592,403
2024-05-27 12:51:50.771418,87.88414919349988,91.84798859043352,81.31678343266262,90.72038264152576,244
2024-05-27 12:51:51.764013,58.47207823082561,62.65636537794311,54.1044650792199,54.70633985700673,458
2024-05-27 12:51:51.772041,10.855239144589168,13.766247824124147,3.7786749474533066,11.342551807134907,838
2024-05-27 12:51:52.764880,51.843567760201616,56.75495574967979,48.630076940062786,56.198000629622896,616
2024-05-27 12:51:52.773777,6.44225376989751,9.41149268762478,5.032837446385294,6.653938699093252,174
2024-05-27 12:51:53.766102,65.11754967060219,70.32035565505781,58.28967263298919,68.463309100866,902
2024-05-27 12:51:53.774701,15.911620047308539,17.925620937768297,14.594475461149633,17.7331838245653,330
2024-05-27 12:51:54.767317,33.616220225056246,42.82478237973827,30.21924692904049,32.07008336500308,799
2024-05-27 12:51:54.776571,88.32990199043165,93.46647756865369,82.93543302118935,85.68232031369804,354
2024-05-27 12:51:55.768456,57.40405509699673,60.83690381624728,52.15476586937346,57.09907048081145,571
2024-05-27 12:51:55.777637,25.636359215924664,28.53764949179662,24.43490134258889,25.248906061528515,385
2024-05-27 12:51:56.769753,59.82270466319416,68.0165706028986,50.95626559223364,56.57083163321004,987
2024-05-27 12:51:56.778877,87.45078545603619,90.23090588750759,86.6936044058214,88.57736870405958,794
2024-05-27 12:51:57.770759,84.34034388235506,87.32310097878413,75.77655565936699,83.11627885103023,753
2024-05-27 12:51:57.780425,26.43747553375604,35.405584957732316,23.090748533333258,28.24905474660475,173
2024-05-27 12:51:58.772513,17.616475678706788,26.792613779658854,9.97479060620604,18.55731632229344,221
2024-05-27 12:51:58.781543,35.767751885601164,40.413549110297026,34.77111153168057,38.46312574897604,144
2024-05-27 12:51:59.773958,47.824166487764565,49.33293917127678,40.0081680950265,48.88989872759268,728
2024-05-27 12:51:59.783001,32.98736944708208,35.85856877167093,26.431656909088424,28.71407975728871,8
2024-05-27 12:52:00.775595,48.054644020224636,56.85428820404557,41.73612684753342,48.40256177125438,794
2024-05-27 12:52:00.784045,77.93742117833317,81.05392608752143,76.20257442176145,80.13696464253168,821
2024-05-27 12:52:01.777222,20.863872605579882,28.85620338494801,18.982186454140788,24.305865596418876,230
2024-05-27 12:52:01.785648,80.46615375100193,84.93906934206895,74.56963780034822,80.09639827354727,861
2024-05-27 12:52:02.778629,8.06351255789426,15.157889357263153,5.325241429557067,9.220238257197249,464
2024-05-27 12:52:02.787018,96.54895002259319,104.32271495480973,96.39623394414524,99.29014357249349,219
2024-05-27 12:52:03.780768,51.44277793860699,52.01969204937181,50.097153351191395,50.63539579029174,132
2024-05-27 12:52:03.788790,45.22930732776268,52.956015331201435,41.721874280207494,47.68649372478197,314
2024-05-27 12:52:04.782433,5.395496142083978,11.0240108899992,-1.3978343251719787,1.9419979216862586,116
2024-05-27 12:52:04.790127,70.14641737249764,74.07622723356977,63.422054508600866,74.028134255465,81
2024-05-27 12:52:05.783423,48.29356108473253,48.6880471000246,40.03963563346635,46.32187083995353,841
2024-05-27 12:52:05.791538,66.37305784429918,69.0645002722979,58.07440360477176,58.184658587018845,867
2024-05-27 12:52:06.784945,96.26238125444148,98.69619150842676,87.26620164284672,88.4800812805717,906
2024-05-27 12:52:06.793051,44.18818187574768,50.88763541579578,39.540225949577305,44.243452320727236,125
2024-05-27 12:52:07.786805,91.50161560416878,96.51226017171966,81.83596072781309,94.70260080426905,339
2024-05-27 12:52:07.794939,36.47566002956752,45.1511321202343,32.2568242598576,41.99460237241387,258
2024-05-27 12:52:08.788426,66.18705107594013,73.06264700841724,60.77752917464807,64.20279956913507,651
2024-05-27 12:52:08.796074,67.05280549696681,72.49336668662202,57.66064441410931,64.54695196039978,58
2024-05-27 12:52:09.790177,21.743921544918443,21.760090516002474,21.300506288575743,21.557007462211917,184
2024-05-27 12:52:09.797344,67.11424201561707,68.545462454375,65.70572421105196,67.75438657473055,887
2024-05-27 12:52:10.791426,42.18454032673263,50.27810805725673,37.616174103428094,45.680251598872644,674
2024-05-27 12:52:10.798469,58.045663534413336,63.03233119749541,49.05213285638991,58.26786292955358,891
2024-05-27 12:52:11.793710,60.88721711637967,62.02062140573525,54.273265980750324,55.36758484124065,896
2024-05-27 12:52:11.800234,55.69265556085612,62.77454840258739,49.547397479281685,50.410545419943766,800
2024-05-27 12:52:12.795340,30.37107015437558,40.11162985753345,25.786483190633206,29.8511133460055,707
2024-05-27 12:52:12.802510,80.25410256415681,89.91932218454757,71.81648755321595,88.02680655712882,772
2024-05-27 12:52:13.796932,95.19454262336056,104.97415021041047,90.01768868999763,91.50725952749444,331
2024-05-27 12:52:13.803892,75.36103711025575,78.27678854577313,71.0614200767208,73.75938292548604,860
2024-05-27 12:52:14.799744,67.05779406859826,73.05270891573976,64.60849985825962,67.05451581568282,578
2024-05-27 12:52:14.805323,29.455627959665232,39.114114354973026,28.951088758139882,32.17773247886541,534
2024-05-27 12:52:15.801716,89.81080488963025,97.59263450306688,80.95728011493914,87.34827417434063,637
2024-05-27 12:52:15.806361,17.917714079279424,20.02124391994417,10.753347404667295,14.841881367080926,612
2024-05-27 12:52:16.803310,70.38409162082473,71.33219278804893,64.40221001365853,70.8054714406184,650
2024-05-27 12:52:16.807857,8.594135568674933,18.522384490050964,2.4578378059410815,2.728145331988689,327
2024-05-27 12:52:17.804781,93.79550202701324,93.86196211225094,93.24733989846612,93.60688728115792,961
2024-05-27 12:52:17.809864,49.84625356366984,58.19120805193042,44.26703065609767,45.45139944809587,777
2024-05-27 12:52:22.339721,74.8465694529992,83.61179019417649,68.33195485592866,77.65363332181447,691
2024-05-27 12:52:22.343032,72.37159403721972,75.70640115108306,72.16476164640004,75.23962887091646,27
2024-05-27 12:52:23.341179,73.6675587287372,76.04129134385744,72.7346820157698,73.75680149836406,170
2024-05-27 12:52:23.344701,46.23219658469516,48.196615568298924,40.01106632375327,43.94203193153215,560
2024-05-27 12:52:24.342726,86.44243140039019,92.05432621423012,80.81687332374437,82.50773255230934,854
2024-05-27 12:52:24.345449,32.49380348940159,41.0597427308739,23.41090315868724,40.54137650680826,677
2024-05-27 12:52:25.344050,1.2566657203694431,2.0475259383916344,-1.987735900517884,1.530321953472507,362
2024-05-27 12:52:25.346546,88.70673169541072,93.1697283627955,86.68813642226633,89.27773387061835,924
2024-05-27 12:52:26.345349,84.27628020827514,92.46065704214493,75.73508017644191,89.04682248841448,725
2024-05-27 12:52:26.347876,72.55117184139797,73.58607664307533,67.71522772336294,71.6861968263161,536
2024-05-27 12:52:27.347253,54.53231822696193,60.163182006452914,52.278950802660646,59.68923045180541,332
2024-05-27 12:52:27.348829,13.581643577043057,17.22685259412754,6.099366966598991,6.932877271879091,184
2024-05-27 12:52:28.348504,46.279253350628714,53.56050633427544,39.82467802842268,51.48027430543676,743
2024-05-27 12:52:28.350019,19.433017841100366,28.405910977523114,13.86385724361789,19.65010554999973,81
2024-05-27 12:52:29.349848,56.603880696843476,60.8284411939569,56.541376102425154,60.66335797142334,756
2024-05-27 12:52:29.350907,76.73546912990383,77.1683497607309,72.13958216308818,75.51106780186802,550
2024-05-27 12:52:30.350951,90.7487458350561,94.31907128751489,86.31585890967317,92.56205386851325,299
2024-05-27 12:52:30.352973,39.332253812519,42.491906068054206,35.8052008554323,41.12330014790498,708
2024-05-27 12:52:31.352221,12.00293418079431,14.10334467468379,4.875233889602085,13.668375521161654,349
2024-05-27 12:52:31.354243,75.93122521415815,85.25798192614687,73.27479772562654,80.54873582925323,578
2024-05-27 12:52:32.353825,2.7383404261092537,7.634619387514965,0.9998072176925077,6.017688143199019,430
2024-05-27 12:52:32.355559,14.02729091433531,19.575373711808673,7.542484125367342,18.825662377913343,542
2024-05-27 12:52:33.355247,77.6975331328988,85.35724637946012,75.09246165705964,81.48573853762146,950
2024-05-27 12:52:33.356462,86.04152543036889,91.56849446143814,77.91703591120051,85.55389374374008,337
2024-05-27 12:52:34.356858,39.61496662262608,45.90082449791219,31.407888845873465,41.24134336317422,568
2024-05-27 12:52:34.357867,29.66846809747442,32.52056209182075,20.08749790492505,29.024231289317918,336
2024-05-27 12:52:35.358069,58.39005804530743,62.74220269409254,48.65982901872313,53.38916591209811,19
2024-05-27 12:52:35.359089,72.22757774887815,76.29682042263138,71.16942434619597,72.3116860073,912
2024-05-27 12:52:36.359471,96.44815403860486,100.38308694461955,90.72449573017498,97.50137613061332,881
2024-05-27 12:52:36.360991,48.076789920705146,53.02647423101945,41.04216834625461,41.85945664864838,935
2024-05-27 12:52:37.361470,0.823966505088336,3.0176760676334546,-3.794248040807444,1.8229833674482512,325
2024-05-27 12:52:37.362509,94.38965428880185,94.9167619061443,92.32283767250695,93.8649699489617,30
2024-05-27 12:52:38.362957,3.1512792877581464,9.486843365522711,-4.2844890197830185,8.058225670271073,6
2024-05-27 12:52:38.363516,56.986289702719105,59.44175554405848,48.33551384167669,48.94537174043301,857
2024-05-27 12:52:39.364656,12.438264468304904,18.16614902297112,7.115897754047358,10.626195048106975,977
2024-05-27 12:52:39.365244,70.48704397895843,78.18441011002298,69.35798534025766,70.74209807678153,497
2024-05-27 12:52:40.366039,81.68068817851093,86.19461642720687,72.78812397897651,79.64727948224731,205
2024-05-27 12:52:40.367609,40.21165864542713,41.97035846914272,32.847663780565036,41.2903378658962,413
2024-05-27 12:52:41.367350,74.09874460381445,78.42160261626488,65.1633661599169,72.21752119504029,330
2024-05-27 12:52:41.369388,35.84475565787202,44.47905126634329,28.443168511533734,34.85189749184916,491
2024-05-27 12:52:42.368768,65.74481830878759,73.58968418201687,61.26370972010028,73.58287323104088,500
2024-05-27 12:52:42.370769,48.22326981540159,49.88166832951006,38.74744694767165,46.51016842989584,182
2024-05-27 12:52:43.369984,93.09548643935817,100.76141072735614,84.62273165149715,97.50606466940548,595
2024-05-27 12:52:43.371912,24.685242642830406,28.49258107230002,20.658527055565123,21.276747628683182,893
2024-05-27 12:52:44.370946,27.619195847444566,29.700824831375805,26.56823067977314,28.68851403556832,320
2024-05-27 12:52:44.373104,73.82440835059704,79.54231497395114,69.35504858919246,74.32217488549675,957
2024-05-27 12:52:45.372778,25.972765377952634,35.494062755076556,16.757301897139143,19.41430346301851,564
2024-05-27 12:52:45.374293,19.994736285120517,26.693408162912505,16.224989809569223,17.156781485798582,730
2024-05-27 12:52:46.374202,68.05451773292249,74.61847771197549,67.49390811620937,69.83599643527907,225
2024-05-27 12:52:46.375757,23.2789683377582,25.64625730372538,18.318755397608868,22.366602585590847,602
2024-05-27 12:52:47.375785,97.34106809953019,97.83115412130458,96.11645156512701,97.08769481276946,942
2024-05-27 12:52:47.376798,31.374824414433267,33.62249551022868,30.799562911011037,31.91109260487119,582
2024-05-27 12:52:48.380128,59.35615844637254,59.45068405784644,49.70783355973531,55.522005853326775,497
2024-05-27 12:52:48.381154,11.216632959706052,14.95353950341071,6.347550166524165,6.417071631812518,511
2024-05-27 12:52:49.384268,44.13076963548854,51.74299878565604,40.47435661387071,40.8945515855179,856
2024-05-27 12:52:49.388331,90.30974776109007,98.7177130480527,81.16726615527267,81.72495657115859,676
2024-05-27 12:52:50.386166,30.667045500929014,40.4569464414787,24.64800221163552,31.092160332274904,816
2024-05-27 12:52:50.395734,65.61948453661145,73.8396601107704,57.81164038413279,67.86143263668139,111
2024-05-27 12:52:51.388635,30.65998976962905,35.692321407452404,23.951072317409036,31.546591172057262,532
2024-05-27 12:52:51.399532,32.66256439948133,40.04797111470725,31.026277142221804,37.47332320480904,528
2024-05-27 12:52:52.390814,62.02954154495387,65.2607085691083,57.15165737377327,64.46404191282602,945
2024-05-27 12:52:52.401358,77.79788142139003,80.27772744784309,76.17895214392911,76.57037909832947,468
2024-05-27 12:52:53.393103,98.25193248725489,101.72510392624363,92.34152729658179,97.30129892866366,722
2024-05-27 12:52:53.402691,80.42402032118332,86.80467432438256,79.47214022217464,85.93409841565254,120
2024-05-27 12:52:54.395105,61.16863778915062,70.12844502254815,59.12302204241507,64.06823905945497,776
2024-05-27 12:52:54.404314,38.84404240632134,48.33006491033552,38.6708645350058,47.13844124306074,479
2024-05-27 12:52:55.396936,39.591786315325585,40.126263371838675,35.256517190137416,37.31438034632347,343
2024-05-27 12:52:55.406012,97.28877118681822,105.98084885826059,94.9138511436365,105.5129135943894,990
2024-05-27 12:52:56.400491,53.674418431067515,60.21656176023225,51.99207375676321,59.80394152154457,467
2024-05-27 12:52:56.408491,43.36287894320022,45.06260243870236,39.231126203821574,44.68635885094046,669
2024-05-27 12:52:57.402416,73.331816564868,73.36285659556161,70.23884274245599,70.9322845689319,630
2024-05-27 12:52:57.410440,80.38021534472163,82.65358378676301,74.25580262114595,79.88680481470847,781
2024-05-27 12:52:58.406209,4.953169404544022,5.520938213814616,-1.031771156485739,1.4191345116404719,93
2024-05-27 12:52:58.412010,47.125077226129456,47.53861238229891,38.721052343432135,39.02450957697431,288
2024-05-27 12:52:59.410890,72.22398947582339,76.72475691046718,71.68408859344237,74.17044268011601,333
2024-05-27 12:52:59.413920,42.950124521201005,44.872291310021716,41.59939457102122,41.79814249384292,61
2024-05-27 12:53:00.413551,6.993169770616858,13.365970975503526,6.92046751875565,11.767509567280438,416
2024-05-27 12:53:00.416474,41.953452594755134,48.74942834600811,38.18563086849164,41.99927984508312,371
2024-05-27 12:53:01.417888,67.21441683687618,75.83329665620381,59.83373671919011,74.30672453607644,582
2024-05-27 12:53:01.417888,89.09300247056436,93.94348671840581,87.13738775103715,93.8222960075229,256
2024-05-27 12:53:02.420117,52.171929481811155,59.08540803438008,50.606994900743956,55.913394351162175,667
2024-05-27 12:53:02.429871,92.58992873429273,97.94234760531687,86.53884497405492,95.22542329359229,351
2024-05-27 12:53:03.421958,89.14058617298328,93.25730783505081,84.04978585618552,88.23820417445636,90
2024-05-27 12:53:03.432066,93.93600442579772,102.28211667554628,91.69869322361893,94.13475859663507,629
2024-05-27 12:53:04.423823,1.4433552091585367,2.6849090755196467,-0.814820505272166,0.12051956214802784,292
2024-05-27 12:53:04.433899,8.09448383708322,10.395573006206483,7.847403088839203,7.95454287963651,688
2024-05-27 12:53:05.425857,52.78288774343123,55.494944727371376,43.011637167782496,53.42521987578779,600
2024-05-27 12:53:05.435336,98.14931443859616,107.44853080604737,90.65308619748262,91.17242775303772,511
2024-05-27 12:53:06.427610,73.3389132115416,74.54401695761713,72.84544737837501,74.21577825520374,223
2024-05-27 12:53:06.436710,74.24445343384166,80.25172789671373,71.33375202154923,71.39969730622613,964
2024-05-27 12:53:07.429242,45.27822714680495,46.45922261667852,42.94268851445763,43.79728075197773,607
2024-05-27 12:53:07.438343,23.740207069629072,27.909310006376145,16.577704862670657,17.30218260735834,369
2024-05-27 12:53:08.430712,62.58887133091746,71.55498143535952,61.15623439735623,66.15438262256146,259
2024-05-27 12:53:08.439914,64.02343977100948,73.05022759492957,63.96208770935105,70.39635465715597,791
2024-05-27 12:53:09.432389,11.492708607131974,16.86558675682918,9.120229996287609,9.720849604808706,913
2024-05-27 12:53:09.441453,0.8515274049584409,8.083868986203893,-2.985232390833609,1.7483307091089557,436
2024-05-27 12:53:10.434381,64.56135604376475,73.45108347760593,59.870914545172575,71.82088101844903,148
2024-05-27 12:53:10.442899,88.9855668714789,96.14990952196244,82.21508252671617,89.68247046846207,207
2024-05-27 12:53:11.436546,53.03490038767499,56.13733159786089,45.04115568107373,49.55774177119235,699
2024-05-27 12:53:11.445146,87.01713863356927,92.47336148469893,80.6968544036347,83.05250725974602,222
2024-05-27 12:53:12.438870,29.32782288881687,34.82138421561147,19.584297782264038,27.145067952051804,455
2024-05-27 12:53:12.446918,88.67282454987507,92.92459051995353,83.71475853245981,88.72205640932513,361
2024-05-27 12:53:13.441084,21.95723489210627,22.748648428307533,12.770333075224782,21.178779914646057,936
2024-05-27 12:53:13.449065,77.64269280970622,82.778409003335,73.13214138655152,74.53287093152102,279
2024-05-27 12:53:14.442979,34.62273617222136,35.933332230059364,33.281336204185536,34.26864345081973,715
2024-05-27 12:53:14.450776,4.863316788664196,9.10586225972088,0.1393736845031075,0.25551672342221626,368
2024-05-27 12:53:15.445272,35.10153668214334,37.88364579026411,33.49106878911588,36.922730303191116,654
2024-05-27 12:53:15.452360,14.69019381106923,15.821837260268993,8.028711637709335,11.194838430063157,607
2024-05-27 12:53:16.447029,81.75465065798461,85.69110320592638,73.75944723717038,83.1625621119889,349
2024-05-27 12:53:16.454241,76.02402199389184,84.8973053098421,68.76184012259729,84.01957192769692,983
2024-05-27 12:53:17.451888,96.72483787663909,104.47450661425206,90.18508033682632,91.47121216202453,760
2024-05-27 12:53:17.459951,86.91720683684976,87.17960953382276,78.11755587540665,83.89189857349972,566
2024-05-27 12:53:18.458634,19.193865384127907,27.992696104068873,17.6019989276767,25.175999656217293,543
2024-05-27 12:53:18.464703,69.95290565883589,73.73494824914381,60.89399812149195,68.88960582585148,266
2024-05-27 12:53:19.460509,45.90217058508961,47.58686345375409,41.27322670673763,44.59720388961658,207
2024-05-27 12:53:19.466584,54.6224672223774,64.46765366094003,45.00777093923999,53.085606350937944,273
2024-05-27 12:53:20.462091,85.12125190186909,93.3077893362652,77.58062749452583,87.48832464977421,104
2024-05-27 12:53:20.468331,55.138957808654645,63.273788559514806,46.01476152006705,62.476942099208784,680
2024-05-27 12:53:21.463713,29.56594397539987,37.40061696878282,24.403594987588278,35.566968555816835,75
2024-05-27 12:53:21.470528,14.477189605379358,18.735101909107847,9.226430219945748,13.724821328561259,425
2024-05-27 12:53:22.465256,96.3550382007714,101.91203647580215,90.64826740265346,99.6279502147345,157
2024-05-27 12:53:22.471795,89.78395907786049,91.78354083842176,86.71163868862831,90.02228514809822,391
2024-05-27 12:53:23.467109,61.58668027526035,64.5224116365524,56.45216191363794,62.11764027197908,285
2024-05-27 12:53:23.473674,60.759253785353536,63.61541902837009,59.1091355275867,63.0293131323559,327
2024-05-27 12:53:24.468923,31.23596662657978,36.39445412718794,28.568915394343463,30.829722146485402,588
2024-05-27 12:53:24.475482,35.94198555457776,38.945218630255546,30.162484842770823,37.31872970590377,164
2024-05-27 12:53:25.470777,34.56360600336811,43.04878733560169,34.13502064115834,42.118132103006005,237
2024-05-27 12:53:25.477359,89.0518293434476,92.76777290707516,79.1529775358364,83.89469076089756,997
2024-05-27 12:53:26.472527,79.67555756211328,86.44228596849834,73.86891102638869,73.88820954817443,17
2024-05-27 12:53:26.479160,96.95305971412142,103.0396531620762,94.23616139682093,94.82654337183256,228
2024-05-27 12:53:27.474683,79.32124791397153,83.18345316477746,71.32145237050659,81.69026715197023,721
2024-05-27 12:53:27.481377,81.20959247954463,86.95545325941708,76.86985957334653,77.07842049250199,234
2024-05-27 12:53:28.476662,51.474223488114,59.056209999200235,43.753069135108206,47.15700587511846,376
2024-05-27 12:53:28.483236,0.6433191354562884,8.473391407156273,0.15587892688464833,7.367381703591005,885
2024-05-27 12:53:29.478602,97.31494118196092,98.50350762508431,90.3666719460149,94.52014437219374,503
2024-05-27 12:53:29.485255,15.556656515399025,20.554504893252307,9.428640755262256,20.300338236774124,222
2024-05-27 12:53:30.480348,91.51307723030374,100.41490210702246,87.09644034124423,92.22016101126265,48
2024-05-27 12:53:30.487227,5.98213088191396,6.010942719947468,-0.10197247523802755,2.882882540008264,91
2024-05-27 12:53:31.482113,40.54223660607859,47.68394795286249,36.773381577048106,43.991812876739175,735
2024-05-27 12:53:31.489064,80.24560094471775,80.61688151114741,76.64816292680189,80.31482615385805,780
2024-05-27 12:53:32.484310,7.421355515840888,10.85388228418692,-1.2333474436627139,7.610035635182257,947
2024-05-27 12:53:32.490943,42.45454518564564,51.359478924256734,42.20920830409807,44.2128475238454,50
2024-05-27 12:53:33.486043,72.72686728667723,76.18383703649371,71.22121953624247,73.27208437798335,535
2024-05-27 12:53:33.492547,84.12697111384175,87.42510920143941,81.2742602699204,84.9550708928996,973
2024-05-27 12:53:34.488058,49.364911845101446,49.542050403500205,46.60662781722326,47.0551473325834,431
2024-05-27 12:53:34.493948,33.84664056767558,38.00452879517537,31.3987310693472,33.945826488796165,756
2024-05-27 12:53:35.490411,6.896920059116951,15.79956722943205,5.601882247089563,12.70534178298601,254
2024-05-27 12:53:35.495595,42.449761872070646,51.76745151963868,42.28043942821961,51.076342761289126,574
2024-05-27 12:53:36.492330,64.31667912731717,71.56156511350233,57.29218044223402,67.96834466254961,457
2024-05-27 12:53:36.497238,4.498205165128977,8.986626782743615,2.174930240552053,4.635478837507327,724
2024-05-27 12:53:37.494041,14.047007540115775,23.367752862900183,4.4993132847803565,8.000423406539952,119
2024-05-27 12:53:37.498596,21.144472512785317,27.50275327887176,16.115649537331546,16.55846174503754,465
2024-05-27 12:53:38.495739,32.41827594832672,35.01849523677972,27.470020144653684,28.365511945488272,340
2024-05-27 12:53:38.499775,82.10135473080248,83.529202815348,74.50777284758664,75.49341836751086,574
2024-05-27 12:53:39.497052,73.40815460119317,73.45781227682035,71.63470541946313,72.9480229306607,551
2024-05-27 12:53:39.501181,41.90795550933046,47.37936143550135,38.76270037355336,45.593560918573644,71
2024-05-27 12:53:40.498303,59.66668684894613,63.86253545629161,52.20790473741991,57.342929126258284,218
2024-05-27 12:53:40.502372,40.84359786530955,46.636207683517725,34.8318042935025,42.399547600993095,606
2024-05-27 12:53:41.499577,61.76293399564508,66.95197477720262,54.80546744886836,61.33346428310376,859
2024-05-27 12:53:41.503793,17.345240353390246,22.10889358313757,9.862447666399259,11.740369439748585,218
2024-05-27 12:53:42.501070,91.18542404617504,92.96926166602958,85.59647990015924,88.27492856606969,720
2024-05-27 12:53:42.505101,2.446355263154154,11.920833838505075,-0.2834681275813389,1.881119075591727,953
2024-05-27 12:53:43.502300,32.23157790066541,39.789383987697846,26.731630652032436,35.092274486375175,163
2024-05-27 12:53:43.506870,50.97700500516683,58.21507546636953,41.13136210996715,49.86389498317747,887
2024-05-27 12:53:44.503890,26.398769373197695,28.3791563014731,24.79268377214649,27.875964646178886,5
2024-05-27 12:53:44.507948,63.63797451486655,66.59076933720927,59.84884040319885,62.05118366354124,738
2024-05-27 12:53:45.505680,24.1894812806838,32.18487670299997,18.33336087918797,28.214746874501397,362
2024-05-27 12:53:45.509375,72.27521768511212,80.99294621535688,63.05596323707513,68.49153443914527,893
2024-05-27 12:53:46.507330,75.59383890082184,83.78551937997392,72.78879673561725,74.65510486672378,670
2024-05-27 12:53:46.510875,94.54901915534253,103.40572548143498,87.70382337484953,90.30589924891163,843
2024-05-27 12:53:47.509186,34.10301151208899,41.731979949346226,27.774187451898026,40.95514998063927,512
2024-05-27 12:53:47.512006,15.53603334613738,17.68014966894004,13.327176114051875,17.32397222464306,531
2024-05-27 12:53:48.511028,18.70949170323496,22.051636217879672,12.296919459448564,20.51430388887559,788
2024-05-27 12:53:48.513623,39.77300664965052,49.419862941899886,33.357302733348035,43.23615809407353,761
2024-05-27 12:53:49.512521,2.3686407591589353,10.525371300356406,-5.278141081995821,-3.1917333256216462,241
2024-05-27 12:53:49.515530,23.1526683699689,23.768982597822497,17.226136491890014,19.843558069998572,632
2024-05-27 12:53:50.514226,40.96841707515828,41.066341146020285,33.96407536548354,34.752729224110155,422
2024-05-27 12:53:50.516832,7.4219829896221885,9.353153685364617,-1.7028943294504657,0.6697593711085914,198
2024-05-27 12:53:51.516154,84.60038482710812,88.87324854739157,75.23756720166911,80.47936604139636,293
2024-05-27 12:53:51.519377,20.022631858032547,26.265292225935926,17.621159929437397,25.846333109552997,371
2024-05-27 12:53:52.518151,69.02645309209487,75.2160073500562,63.01094807845039,68.66783012600948,579
2024-05-27 12:53:52.520586,6.87066025942169,16.76617272405938,2.530827155057283,9.573429388117527,529
2024-05-27 12:53:53.519678,49.30530935140632,49.76071512249902,48.85849781165272,49.16155828482592,11
2024-05-27 12:53:53.522127,37.57046068713807,39.99290066780632,33.60343930524451,34.19603788297978,621
2024-05-27 12:53:54.521416,31.903706525768538,41.47571699229482,26.54226481964477,40.13015639597192,992
2024-05-27 12:53:54.523603,43.68043412016779,47.396803746655415,36.37191813438158,37.28740700806192,425
2024-05-27 12:53:55.523023,29.608800823671977,34.41047319790588,28.36310438827062,30.728172040387175,494
2024-05-27 12:53:55.525991,93.37141067331945,99.14914133107217,86.47385935022781,96.49912005779865,196
2024-05-27 12:53:56.524458,99.2271149272397,105.05780990679115,94.93583921595689,96.19590538738258,964
2024-05-27 12:53:56.527564,90.4517719620523,93.8986103519085,80.85070246736342,83.98702381607357,21
2024-05-27 12:53:57.526047,97.23158119954091,104.5664380385512,95.13379547479803,101.06444525947572,997
2024-05-27 12:53:57.529085,78.26063450151672,85.07668567257154,69.99774094783321,78.38250589175149,526
2024-05-27 12:53:58.527436,79.79836126510587,87.61367229734712,72.41044789035138,77.99290129045708,812
2024-05-27 12:53:58.530654,10.298091233418205,12.992515785182404,8.272228141659234,8.940047058213125,112
2024-05-27 12:53:59.528925,26.235433198418345,35.28196020009357,23.910988620727565,33.979585043146265,7
2024-05-27 12:53:59.532475,79.65132141688149,84.41302768973878,77.744931027909,78.07090853093727,202
2024-05-27 12:54:00.531051,26.09020857384866,27.57140345442222,25.510269081135387,27.43125014445771,247
2024-05-27 12:54:00.534072,51.64548431303185,58.638006827750786,48.01621780171472,53.04307984870191,478
2024-05-27 12:54:01.532115,32.15794825518207,34.44763393805406,28.876384391528184,32.118427681665835,307
2024-05-27 12:54:01.535166,15.279352770818145,16.178674409839324,9.436439906331822,11.183930009302847,583
2024-05-27 12:54:02.534040,94.64312181020377,94.68449404636554,93.46874254940738,93.68927120901976,652
2024-05-27 12:54:02.536703,58.00830768906623,66.81040664592881,55.82923949406491,63.981317176167146,851
2024-05-27 12:54:03.536094,23.029500965008552,29.06034821089817,19.069968614797524,19.177256401809558,531
2024-05-27 12:54:03.538187,16.07911919737466,21.002712085490135,10.765291055234258,20.507761991802504,994
2024-05-27 12:54:04.537483,17.913979671617387,21.61899770192985,15.71325160470019,17.203850794937317,764
2024-05-27 12:54:04.539987,56.78393638020557,65.77754299719128,52.80490225218183,64.55025929502786,200
2024-05-27 12:54:05.539507,51.409436343509476,58.35870192019943,44.575841561383534,52.73118198668144,367
2024-05-27 12:54:05.541517,77.03589524546415,86.53204561757279,69.97346872242366,85.14391325462569,664
2024-05-27 12:54:06.540586,4.4739043237392195,7.946388065184951,-1.7858605538488277,4.981175348275843,160
2024-05-27 12:54:06.542692,56.638958022093696,58.14876547540451,48.97546353417551,54.421640195288774,741
2024-05-27 12:54:07.542298,59.358317463970835,68.20860585981406,57.95686091696937,68.094839049511,916
2024-05-27 12:54:07.543835,2.841225979314632,7.996703496087786,-2.4234341406252313,1.8144703568730498,975
2024-05-27 12:54:08.543620,93.51422843217813,100.58322354270447,88.24174173926414,97.50085458245015,810
2024-05-27 12:54:08.544632,15.762435675996134,22.804613716648596,6.288074919814257,14.68122408205167,851
2024-05-27 12:54:09.545434,37.552987750447016,45.90240549394214,37.01999233394347,44.514089500574336,190
2024-05-27 12:54:09.546972,26.48584968104317,33.855357019560294,23.28607895012799,23.702392765873824,11
2024-05-27 12:54:10.547184,8.355441162885825,14.012335040723062,7.874485054006386,13.439352220116966,860
2024-05-27 12:54:10.548745,86.04172270201039,90.43117567572214,85.2092903303668,85.50161652827593,326
2024-05-27 12:54:11.548564,61.618522178138015,70.67579799175233,60.101315830864365,65.26871742531432,979
2024-05-27 12:54:11.550595,97.81287131301434,99.50960149542233,90.45643227028961,99.10214057980329,458
2024-05-27 12:54:12.549895,45.492150755633375,53.22328720331938,38.48682755322943,49.783957974624116,937
2024-05-27 12:54:12.551948,82.3760401717673,84.7664058779439,77.8719408949447,82.08383678006737,93
2024-05-27 12:54:13.551600,13.843870634746281,14.16163992397148,6.664970479005191,7.910977962003802,79
2024-05-27 12:54:13.553153,82.25105579121627,86.61239822489674,80.22405988490345,82.01610652452679,981
2024-05-27 12:54:14.553060,66.77727054380766,75.63565486343478,65.41766989009372,73.59025694969084,55
2024-05-27 12:54:14.554169,42.10312788762855,45.24071393467116,38.79012391535393,39.961493290736485,223
2024-05-27 12:54:15.554628,43.20581307629927,44.27180481765213,41.80947203809076,42.92385757413963,442
2024-05-27 12:54:15.555663,25.071032210572465,27.10108769669981,17.8407744128325,23.32317444341105,428
2024-05-27 12:54:16.555543,90.53782110899118,90.60039378453327,84.24115133150833,87.25571957008344,712
2024-05-27 12:54:16.557144,35.72013028251884,38.82520102477075,32.283717397583736,32.45965039105885,699
2024-05-27 12:54:17.557177,97.8324102044504,99.6649728603175,93.62463677761232,96.98247154510446,455
2024-05-27 12:54:17.558198,35.61970189981092,43.51108405762098,28.39517195206878,39.9421374124355,625
2024-05-27 12:54:18.558360,62.57544571168142,68.55106090809984,57.08585932837683,66.4053988793666,420
2024-05-27 12:54:18.559899,80.82025988387036,89.89006683459209,77.32772920279231,86.33634362383143,532
2024-05-27 12:54:19.559965,83.17690820835656,85.33191470418541,82.64388337608523,82.90904173047821,604
2024-05-27 12:54:19.560994,26.3711904152502,28.51914234010163,23.97960885273425,27.751967373173315,952
2024-05-27 12:54:20.561490,4.996888976980662,5.542853407127374,-3.854309151265417,-3.8333053162479036,933
2024-05-27 12:54:20.562476,26.999367916865314,31.49506718035858,20.305884354662602,22.173353610478397,960
2024-05-27 12:54:21.563109,42.369630889939614,50.57289098155084,41.13365958702597,43.357403840425555,352
2024-05-27 12:54:21.564196,4.421782968585353,10.052800792832919,1.2637121960342244,9.239178795820376,533
2024-05-27 12:57:25.446278,67.67733310469545,69.46652064135989,64.99342195645936,65.95873766856216,514
2024-05-27 12:57:25.472286,93.15689098492885,93.41869043117305,91.95403340192868,93.05751417923324,901
2024-05-27 12:57:26.447998,16.171609155143784,21.418924870515454,14.330249836535968,16.81486243786418,310
2024-05-27 12:57:26.473654,10.588609528372462,13.019329178397577,0.864661150549292,9.98089885094724,413
2024-05-27 12:57:27.449422,65.60023012893801,74.60909045128768,59.656588506834304,72.32079560118154,67
2024-05-27 12:57:27.474547,3.0488013740474385,11.848871018343957,-5.276216270169578,4.719555516977338,728
2024-05-27 12:57:28.450849,36.04863075250463,39.92985777203893,30.073854675517346,37.775430717768074,331
2024-05-27 12:57:28.476739,35.04922180247131,40.3772034968392,29.528871075262717,32.3506964336708,364
2024-05-27 12:57:29.453041,13.841160779939809,22.14940861276628,9.440914132120612,20.360551279125907,973
2024-05-27 12:57:29.478749,2.121832899007081,3.109513287298029,-1.286573359056562,2.9487510380568835,927
2024-05-27 12:57:30.453755,34.23637136359019,40.91390111779957,29.398136594926083,30.072181308433834,976
2024-05-27 12:57:30.479860,12.343116926807907,14.188206174232697,11.447978465472715,13.873462280302114,49
2024-05-27 12:57:31.454688,71.26530911131867,80.77410579023243,70.17346203034418,72.57787246328398,942
2024-05-27 12:57:31.480654,66.59401730336894,67.3540284302604,62.03685846313789,63.807682734514074,231
2024-05-27 12:57:32.455982,57.805539218315516,65.30981253618174,49.350853066898026,51.80346809363959,698
2024-05-27 12:57:32.482391,5.0998753371125805,8.797068438478261,0.5638198937304661,6.631103844155656,82
2024-05-27 12:57:33.457292,58.25195537016037,64.12088040688047,50.989093182556125,57.32745284899465,583
2024-05-27 12:57:33.483307,26.405873689714188,27.00871901937928,21.857371481441767,23.046330093812088,783
2024-05-27 12:57:34.458814,5.143534747301281,9.810077917406069,-3.682966785854438,3.34415719539518,864
2024-05-27 12:57:34.485165,25.53566181846245,29.14609887107928,18.755419068876698,24.96600015592924,208
2024-05-27 12:57:35.460246,79.00240207732449,81.56794634683357,69.01490063010984,69.24129260679875,953
2024-05-27 12:57:35.486321,88.5656936604328,91.00762279030073,81.56349226981142,89.24997191275125,441
2024-05-27 12:57:36.461206,37.28791292261673,38.77549819848492,28.678235924004618,30.173950225892522,611
2024-05-27 12:57:36.488074,21.96310176288394,31.180213855514538,15.021810797639123,26.71906784773863,413
2024-05-27 12:57:37.462976,53.129057918155944,61.25112351568426,44.556514940341785,48.9412069008889,34
2024-05-27 12:57:37.489289,10.957529265613575,16.496651926340462,8.94068112012291,15.451566351286008,8
